{
 "cells": [
  {
   "cell_type": "markdown",
   "metadata": {},
   "source": [
    "# Example for running mtLMM-L1"
   ]
  },
  {
   "cell_type": "code",
   "execution_count": 1,
   "metadata": {},
   "outputs": [],
   "source": [
    "from regmtlmm.mtlmmlasso import mtlmmlasso\n"
   ]
  },
  {
   "cell_type": "code",
   "execution_count": 2,
   "metadata": {},
   "outputs": [],
   "source": [
    "# Given [N x Q] phenotype matrix of N individuals and Q traits,\n",
    "#       [N x P] genotype matrix of N individuals and P genotypes,\n",
    "#       [N x N] relatedness matrix of N individuals\n",
    "# use the mtLMM-L1 estimator with regularization parameter alpha to estimate:\n",
    "# -beta: the [P x Q] fixed effects matrix\n",
    "# -Cg and Ce: the [Q x Q] covariance matrices for the genetic and noise components "
   ]
  },
  {
   "cell_type": "code",
   "execution_count": 3,
   "metadata": {},
   "outputs": [],
   "source": [
    "beta, Cg, Ce = mtlmmlasso(filename_pheno='io/test/data/pheno.csv',\n",
    "                          filename_geno='io/test/data/genotypes.csv', \n",
    "                          filename_relatedness='io/test/data/relatedness.csv',\n",
    "                          alpha=0.2)"
   ]
  },
  {
   "cell_type": "code",
   "execution_count": 4,
   "metadata": {},
   "outputs": [
    {
     "data": {
      "text/plain": [
       "array([[ 0.05469314,  0.03523148, -0.0825937 , -0.04926047,  0.10188227,\n",
       "         0.03888766, -0.02551008, -0.04844071,  0.0790536 , -0.10050913],\n",
       "       [-0.06984237, -0.03060508,  0.08850358, -0.09877513, -0.05177267,\n",
       "        -0.07967964,  0.02350478,  0.02700281, -0.0772958 ,  0.23089729],\n",
       "       [-0.        , -0.12533531, -0.02842459,  0.01064331, -0.13262438,\n",
       "        -0.02127844, -0.04106511,  0.2413154 , -0.01386283, -0.00427467],\n",
       "       [-0.17269965, -0.11240509,  0.0570057 ,  0.0594368 ,  0.0172072 ,\n",
       "         0.09573026, -0.04387034,  0.1227944 , -0.09147945, -0.09410909],\n",
       "       [ 0.16002309,  0.24065232, -0.20982765, -0.08064849,  0.1887774 ,\n",
       "         0.03216549, -0.13351399, -0.06316413,  0.32616788, -0.20682605],\n",
       "       [-0.0081329 , -0.06226634,  0.0980584 ,  0.03030084, -0.16222868,\n",
       "        -0.0364819 ,  0.01159602,  0.09786252, -0.13530911,  0.06075437],\n",
       "       [-0.00119228,  0.19018146,  0.02799467, -0.26160988, -0.03001496,\n",
       "         0.10155758, -0.05646768, -0.22633385,  0.08966523,  0.03875603],\n",
       "       [-0.05435638,  0.00871252, -0.03443832,  0.11644998,  0.03922169,\n",
       "         0.11391811,  0.04217755,  0.08318599, -0.13335191, -0.00947287],\n",
       "       [-0.00452525, -0.00336654,  0.00335444,  0.01393105,  0.04076262,\n",
       "         0.04396491, -0.01228404, -0.01611954, -0.07423855, -0.10881555],\n",
       "       [ 0.07483243, -0.04869438, -0.15822771,  0.06703027,  0.06693006,\n",
       "        -0.12298213,  0.14114794, -0.08881139,  0.0302513 , -0.05819004],\n",
       "       [-0.0282936 , -0.05951618,  0.24571883, -0.10938169, -0.11063569,\n",
       "         0.12799265, -0.15192045, -0.07695703,  0.13719653,  0.07333653],\n",
       "       [-0.24190663,  0.47688988,  0.09809073, -0.04911855,  0.11352385,\n",
       "         0.44243132, -0.06489924, -0.39134448,  0.34031676, -0.16602136],\n",
       "       [ 0.17634449, -0.23716351,  0.33377405, -0.00124922, -0.42742462,\n",
       "         0.09621969, -0.10445756,  0.10892495, -0.1450999 , -0.13840191],\n",
       "       [ 0.1254426 ,  0.08731393, -0.10657797,  0.0768352 ,  0.00887112,\n",
       "        -0.19462167,  0.03051099, -0.01863812,  0.18596884,  0.02675468],\n",
       "       [-0.14276135, -0.17730192,  0.06771427,  0.1978797 , -0.02796159,\n",
       "         0.07186774,  0.29887161, -0.05148254, -0.09969071,  0.24218592],\n",
       "       [-0.03757218,  0.03303522, -0.06528291,  0.02746261, -0.01442638,\n",
       "        -0.03077772,  0.00630142,  0.10634042, -0.07921955, -0.01697759],\n",
       "       [ 0.02989668,  0.18847063,  0.09651003,  0.50073209,  0.13811785,\n",
       "        -0.47146274,  0.13220306,  0.        ,  0.08692659,  0.08598672],\n",
       "       [ 0.21218018, -0.18265372,  0.01724764, -0.1368321 , -0.17000266,\n",
       "        -0.15160113,  0.33482895,  0.30199324, -0.28859561,  0.14437407],\n",
       "       [ 0.11066533,  0.20934687, -0.06312862, -0.01642125,  0.00808232,\n",
       "         0.0146103 , -0.11223852,  0.05747427,  0.05700427, -0.06494953],\n",
       "       [-0.25495672, -0.31120702,  0.1637243 , -0.00250305, -0.12801138,\n",
       "        -0.26616691,  0.17260955, -0.00985865, -0.3334318 ,  0.3241725 ]])"
      ]
     },
     "execution_count": 4,
     "metadata": {},
     "output_type": "execute_result"
    }
   ],
   "source": [
    "beta"
   ]
  },
  {
   "cell_type": "code",
   "execution_count": 5,
   "metadata": {},
   "outputs": [
    {
     "data": {
      "text/plain": [
       "array([[ 0.03847426,  0.00289184, -0.03833663,  0.05029288, -0.00140516,\n",
       "        -0.04882946,  0.04460913,  0.02917798, -0.01811139, -0.01440937],\n",
       "       [ 0.00289184,  0.06364613, -0.02286751,  0.01153772,  0.02850798,\n",
       "         0.00206844, -0.02808082, -0.02756237,  0.0198843 , -0.02490361],\n",
       "       [-0.03833663, -0.02286751,  0.08028961, -0.09324872, -0.04988034,\n",
       "         0.05074154, -0.05887182, -0.05307291,  0.0237883 ,  0.05403962],\n",
       "       [ 0.05029288,  0.01153772, -0.09324872,  0.12159763,  0.05670964,\n",
       "        -0.07852565,  0.08452272,  0.08090113, -0.03534954, -0.05516481],\n",
       "       [-0.00140516,  0.02850798, -0.04988034,  0.05670964,  0.07943554,\n",
       "        -0.00500147,  0.01398745,  0.03497478, -0.00546931, -0.05513   ],\n",
       "       [-0.04882946,  0.00206844,  0.05074154, -0.07852565, -0.00500147,\n",
       "         0.08037164, -0.06869916, -0.06395495,  0.02976558,  0.00934656],\n",
       "       [ 0.04460913, -0.02808082, -0.05887182,  0.08452272,  0.01398745,\n",
       "        -0.06869916,  0.09192136,  0.09782878, -0.04831954, -0.01986379],\n",
       "       [ 0.02917798, -0.02756237, -0.05307291,  0.08090113,  0.03497478,\n",
       "        -0.06395495,  0.09782878,  0.15980094, -0.06407574, -0.01128884],\n",
       "       [-0.01811139,  0.0198843 ,  0.0237883 , -0.03534954, -0.00546931,\n",
       "         0.02976558, -0.04831954, -0.06407574,  0.02984885,  0.00464468],\n",
       "       [-0.01440937, -0.02490361,  0.05403962, -0.05516481, -0.05513   ,\n",
       "         0.00934656, -0.01986379, -0.01128884,  0.00464468,  0.05708148]])"
      ]
     },
     "execution_count": 5,
     "metadata": {},
     "output_type": "execute_result"
    }
   ],
   "source": [
    "Cg"
   ]
  },
  {
   "cell_type": "code",
   "execution_count": 6,
   "metadata": {},
   "outputs": [
    {
     "data": {
      "text/plain": [
       "array([[ 0.96043521,  0.32509583, -0.56306506,  0.31636853,  0.24166146,\n",
       "        -0.37600724,  0.09728344, -0.00893288,  0.42375621, -0.5348411 ],\n",
       "       [ 0.32509583,  0.9358767 , -0.32609421, -0.10903615,  0.4768015 ,\n",
       "         0.13937651, -0.37246527, -0.37781214,  0.53309635, -0.42800011],\n",
       "       [-0.56306506, -0.32609421,  0.91864297, -0.56895853, -0.62228185,\n",
       "         0.51656771, -0.429761  , -0.13410537, -0.15428737,  0.6390621 ],\n",
       "       [ 0.31636853, -0.10903615, -0.56895853,  0.87718515,  0.24803671,\n",
       "        -0.63041688,  0.67014495,  0.40399757, -0.18436005, -0.32425975],\n",
       "       [ 0.24166146,  0.4768015 , -0.62228185,  0.24803671,  0.92010972,\n",
       "        -0.23308926,  0.0394803 , -0.13092471,  0.358052  , -0.56348813],\n",
       "       [-0.37600724,  0.13937651,  0.51656771, -0.63041688, -0.23308926,\n",
       "         0.91833347, -0.60748131, -0.38875915,  0.04399409,  0.29231737],\n",
       "       [ 0.09728344, -0.37246527, -0.429761  ,  0.67014495,  0.0394803 ,\n",
       "        -0.60748131,  0.90757867,  0.56712908, -0.53681281, -0.07990054],\n",
       "       [-0.00893288, -0.37781214, -0.13410537,  0.40399757, -0.13092471,\n",
       "        -0.38875915,  0.56712908,  0.84022498, -0.40030163,  0.08966328],\n",
       "       [ 0.42375621,  0.53309635, -0.15428737, -0.18436005,  0.358052  ,\n",
       "         0.04399409, -0.53681281, -0.40030163,  0.96941673, -0.38845061],\n",
       "       [-0.5348411 , -0.42800011,  0.6390621 , -0.32425975, -0.56348813,\n",
       "         0.29231737, -0.07990054,  0.08966328, -0.38845061,  0.94212786]])"
      ]
     },
     "execution_count": 6,
     "metadata": {},
     "output_type": "execute_result"
    }
   ],
   "source": [
    "Ce"
   ]
  },
  {
   "cell_type": "markdown",
   "metadata": {},
   "source": [
    "# Example for running mtLMM-clust"
   ]
  },
  {
   "cell_type": "code",
   "execution_count": 7,
   "metadata": {},
   "outputs": [],
   "source": [
    "from regmtlmm.mtlmmclust import mtlmmclust"
   ]
  },
  {
   "cell_type": "code",
   "execution_count": 8,
   "metadata": {},
   "outputs": [],
   "source": [
    "# Given [N x Q] phenotype matrix of N individuals and Q traits,\n",
    "#       [N x P] genotype matrix of N individuals and P genotypes,\n",
    "#       [N x N] relatedness matrix of N individuals\n",
    "# use the mtLMM-clust estimator with regularization parameters C1 (sparsity) and C2 (trait-wise clustering) \n",
    "# to estimate:\n",
    "# -beta: the [P x Q] fixed effects matrix\n",
    "# -Cg and Ce: the [Q x Q] covariance matrices for the genetic and noise components "
   ]
  },
  {
   "cell_type": "code",
   "execution_count": 9,
   "metadata": {},
   "outputs": [],
   "source": [
    "beta, Cg, Ce = mtlmmclust(filename_pheno='io/test/data/pheno.csv',\n",
    "                          filename_geno='io/test/data/genotypes.csv', \n",
    "                          filename_relatedness='io/test/data/relatedness.csv',\n",
    "                          C1=1000, C2=2000)"
   ]
  },
  {
   "cell_type": "code",
   "execution_count": 10,
   "metadata": {},
   "outputs": [
    {
     "data": {
      "text/plain": [
       "array([[ 1.03779043e-02, -1.04541743e-03, -8.15126878e-02,\n",
       "        -1.30163635e-01,  1.27453328e-01, -2.22616353e-02,\n",
       "         9.69931593e-02, -4.30175773e-02,  1.89709535e-03,\n",
       "         4.33634250e-02],\n",
       "       [ 1.53394340e-03, -2.78776481e-01,  5.12827997e-02,\n",
       "         1.24360258e-01, -1.54080838e-01, -2.59324036e-02,\n",
       "         1.06643743e-02,  2.08585361e-01,  1.38801027e-01,\n",
       "        -1.92148419e-01],\n",
       "       [ 3.20979755e-02, -5.77503063e-04, -4.20571286e-02,\n",
       "        -1.91428607e-01,  2.30070641e-01, -6.08642667e-02,\n",
       "         1.60762273e-01, -4.33127364e-02,  6.73317648e-02,\n",
       "         5.46915346e-03],\n",
       "       [-9.93738064e-02,  3.40991689e-01, -1.51063419e-01,\n",
       "         9.93315221e-02, -3.96811986e-01,  3.35019913e-02,\n",
       "         1.77652232e-01, -1.62171656e-01,  2.55114890e-01,\n",
       "        -2.91779825e-01],\n",
       "       [-6.00879111e-02,  1.24996296e-01, -1.54012344e-01,\n",
       "         8.97472557e-02, -2.37278384e-01,  1.44060167e-01,\n",
       "         8.59010124e-02, -3.34657839e-02, -3.05815686e-02,\n",
       "        -1.50820616e-01],\n",
       "       [ 1.80394928e-01,  2.02949546e-01,  2.88588453e-01,\n",
       "        -8.07119320e-02,  1.36275014e-01, -8.90030600e-02,\n",
       "        -1.24535857e-01,  3.53794773e-02, -1.34804033e-01,\n",
       "         1.54959360e-01],\n",
       "       [-5.42774907e-02, -1.61398008e-01,  4.84447088e-02,\n",
       "         9.37399486e-02, -1.36294294e-02, -1.97078920e-02,\n",
       "        -3.77646875e-01,  1.46233086e-01,  2.90824647e-02,\n",
       "         2.86519700e-02],\n",
       "       [-3.24922142e-02, -1.24329095e-01, -7.26394895e-02,\n",
       "         3.83561566e-02,  1.36205464e-01,  5.80920783e-02,\n",
       "         5.34320714e-01, -1.61551813e-01,  3.79158201e-02,\n",
       "         4.71457886e-02],\n",
       "       [ 8.51885068e-02, -1.45495551e-01, -4.08374966e-02,\n",
       "        -1.95572266e-02,  2.22823665e-01, -1.75132430e-01,\n",
       "        -6.12331140e-02,  3.44356652e-02,  1.18404404e-01,\n",
       "         3.51472983e-02],\n",
       "       [-8.78030823e-02,  8.20431797e-02, -1.75787555e-01,\n",
       "        -1.56243752e-03, -1.05701823e-01,  4.81048536e-02,\n",
       "         1.67250872e-01, -2.27721800e-01,  1.04371236e-01,\n",
       "        -1.11193530e-01],\n",
       "       [ 2.61117783e-02, -6.53065676e-02,  2.91615506e-02,\n",
       "         1.08967389e-01, -4.80936102e-02,  1.98624868e-03,\n",
       "         7.47460320e-02,  1.01542979e-01,  6.55077037e-02,\n",
       "        -7.35846782e-02],\n",
       "       [ 3.55466386e-02,  4.83244156e-01,  2.57715975e-01,\n",
       "        -1.16070353e-01,  7.22453642e-02, -6.79749489e-02,\n",
       "        -6.92578639e-01, -6.81039865e-02, -4.00620951e-03,\n",
       "        -1.81870396e-01],\n",
       "       [ 1.42199615e-02,  2.99562978e-02,  3.22762962e-02,\n",
       "         2.11545792e-02,  8.99465749e-03, -6.92042924e-02,\n",
       "        -1.06934817e-01,  7.48838598e-02, -1.96184824e-02,\n",
       "         4.27547631e-02],\n",
       "       [-9.07563106e-02, -9.91577173e-02, -8.72527147e-02,\n",
       "         2.39578276e-03,  2.46649200e-01,  9.35460609e-03,\n",
       "         3.26338367e-01,  1.89913086e-01, -1.12049208e-01,\n",
       "         5.18986051e-02],\n",
       "       [-5.61176438e-02,  3.53994774e-03,  2.69111697e-01,\n",
       "         1.00346754e-01, -3.70148947e-02,  3.69230248e-03,\n",
       "        -2.25600762e-01,  1.42280535e-01, -9.24960386e-02,\n",
       "        -3.17975292e-02],\n",
       "       [-1.87799838e-02, -3.45126598e-01, -8.34666972e-02,\n",
       "        -4.72053832e-02,  1.54125265e-02,  3.92095627e-02,\n",
       "         1.71501911e-01,  1.71871910e-01,  4.56797848e-02,\n",
       "         6.78951980e-02],\n",
       "       [ 6.41724299e-02, -7.80535167e-02, -3.51418733e-02,\n",
       "        -9.28371629e-02,  2.55349086e-01, -2.96257367e-02,\n",
       "         1.51549401e-01, -1.61034509e-01, -4.43359746e-02,\n",
       "         7.44786355e-02],\n",
       "       [ 5.85520722e-02,  2.08043906e-01, -3.12212225e-04,\n",
       "         1.59260234e-01, -2.00313086e-01, -4.82530140e-02,\n",
       "         2.98244566e-02, -2.46876182e-01,  9.44656418e-02,\n",
       "        -2.14486766e-01],\n",
       "       [-1.38871194e-02,  1.77982280e-01,  1.01691696e-01,\n",
       "        -5.32547586e-02, -2.97545797e-01,  8.80567897e-02,\n",
       "         1.58381522e-02, -1.40607695e-02, -7.51562400e-02,\n",
       "        -7.33383479e-02],\n",
       "       [ 2.79374468e-02, -1.30782292e-01, -2.49860693e-01,\n",
       "        -2.52918101e-03,  3.43675295e-01, -3.63861050e-03,\n",
       "         7.80514322e-02,  1.21000453e-01, -1.33759398e-01,\n",
       "         2.03564956e-01]])"
      ]
     },
     "execution_count": 10,
     "metadata": {},
     "output_type": "execute_result"
    }
   ],
   "source": [
    "beta"
   ]
  },
  {
   "cell_type": "code",
   "execution_count": 11,
   "metadata": {},
   "outputs": [
    {
     "data": {
      "text/plain": [
       "array([[ 0.05075574,  0.01687422, -0.04220338,  0.05632651,  0.00596416,\n",
       "        -0.05507441,  0.04226849,  0.03629782, -0.00943563, -0.04067217],\n",
       "       [ 0.01687422,  0.09040869, -0.03510072,  0.00554964,  0.01480027,\n",
       "         0.00108926, -0.02194952, -0.04940269,  0.04275047, -0.07039246],\n",
       "       [-0.04220338, -0.03510072,  0.0646827 , -0.07956692, -0.03352338,\n",
       "         0.05636818, -0.04474977, -0.02534642,  0.00194493,  0.0584059 ],\n",
       "       [ 0.05632651,  0.00554964, -0.07956692,  0.12076002,  0.0521171 ,\n",
       "        -0.08812792,  0.07983448,  0.07856355, -0.02721135, -0.05613296],\n",
       "       [ 0.00596416,  0.01480027, -0.03352338,  0.0521171 ,  0.08048897,\n",
       "        -0.01177958,  0.00631969,  0.04225853, -0.00097314, -0.05815791],\n",
       "       [-0.05507441,  0.00108926,  0.05636818, -0.08812792, -0.01177958,\n",
       "         0.08453905, -0.07551427, -0.0763915 ,  0.02835664,  0.02498698],\n",
       "       [ 0.04226849, -0.02194952, -0.04474977,  0.07983448,  0.00631969,\n",
       "        -0.07551427,  0.07430004,  0.07356658, -0.03487072, -0.00304741],\n",
       "       [ 0.03629782, -0.04940269, -0.02534642,  0.07856355,  0.04225853,\n",
       "        -0.0763915 ,  0.07356658,  0.15275798, -0.05326039,  0.00153073],\n",
       "       [-0.00943563,  0.04275047,  0.00194493, -0.02721135, -0.00097314,\n",
       "         0.02835664, -0.03487072, -0.05326039,  0.02995829, -0.02367794],\n",
       "       [-0.04067217, -0.07039246,  0.0584059 , -0.05613296, -0.05815791,\n",
       "         0.02498698, -0.00304741,  0.00153073, -0.02367794,  0.10405474]])"
      ]
     },
     "execution_count": 11,
     "metadata": {},
     "output_type": "execute_result"
    }
   ],
   "source": [
    "Cg"
   ]
  },
  {
   "cell_type": "code",
   "execution_count": 13,
   "metadata": {},
   "outputs": [
    {
     "data": {
      "text/plain": [
       "array([[ 0.96818637,  0.3244743 , -0.53091995,  0.30405685,  0.25596669,\n",
       "        -0.39073064,  0.02900728, -0.00869896,  0.3937435 , -0.4874739 ],\n",
       "       [ 0.3244743 ,  1.14817234, -0.22133325, -0.14074898,  0.39587378,\n",
       "         0.14158953, -0.69129536, -0.43933622,  0.4142677 , -0.33031437],\n",
       "       [-0.53091995, -0.22133325,  1.0614728 , -0.60552144, -0.66255508,\n",
       "         0.4961808 , -0.73499765, -0.13754031, -0.23324367,  0.67891983],\n",
       "       [ 0.30405685, -0.14074898, -0.60552144,  0.93914123,  0.222986  ,\n",
       "        -0.63001836,  0.713099  ,  0.42843849, -0.1338265 , -0.38768241],\n",
       "       [ 0.25596669,  0.39587378, -0.66255508,  0.222986  ,  1.08284534,\n",
       "        -0.27161332,  0.14883752, -0.09769892,  0.33916418, -0.48569505],\n",
       "       [-0.39073064,  0.14158953,  0.4961808 , -0.63001836, -0.27161332,\n",
       "         0.95793776, -0.560193  , -0.39607633,  0.03719894,  0.268647  ],\n",
       "       [ 0.02900728, -0.69129536, -0.73499765,  0.713099  ,  0.14883752,\n",
       "        -0.560193  ,  1.93205599,  0.52288109, -0.22968448, -0.27223011],\n",
       "       [-0.00869896, -0.43933622, -0.13754031,  0.42843849, -0.09769892,\n",
       "        -0.39607633,  0.52288109,  0.97631687, -0.44275683,  0.07951408],\n",
       "       [ 0.3937435 ,  0.4142677 , -0.23324367, -0.1338265 ,  0.33916418,\n",
       "         0.03719894, -0.22968448, -0.44275683,  1.11557916, -0.46178654],\n",
       "       [-0.4874739 , -0.33031437,  0.67891983, -0.38768241, -0.48569505,\n",
       "         0.268647  , -0.27223011,  0.07951408, -0.46178654,  1.0102307 ]])"
      ]
     },
     "execution_count": 13,
     "metadata": {},
     "output_type": "execute_result"
    }
   ],
   "source": [
    "Ce"
   ]
  },
  {
   "cell_type": "code",
   "execution_count": null,
   "metadata": {},
   "outputs": [],
   "source": []
  }
 ],
 "metadata": {
  "kernelspec": {
   "display_name": "Python 3",
   "language": "python",
   "name": "python3"
  },
  "language_info": {
   "codemirror_mode": {
    "name": "ipython",
    "version": 3
   },
   "file_extension": ".py",
   "mimetype": "text/x-python",
   "name": "python",
   "nbconvert_exporter": "python",
   "pygments_lexer": "ipython3",
   "version": "3.8.5"
  }
 },
 "nbformat": 4,
 "nbformat_minor": 4
}
