{
 "cells": [
  {
   "cell_type": "markdown",
   "metadata": {},
   "source": [
    "# Example for running mtLMM-L1"
   ]
  },
  {
   "cell_type": "code",
   "execution_count": 1,
   "metadata": {},
   "outputs": [],
   "source": [
    "from regmtlmm.mtlmmlasso import mtlmmlasso\n"
   ]
  },
  {
   "cell_type": "code",
   "execution_count": 2,
   "metadata": {},
   "outputs": [],
   "source": [
    "# Given [N x Q] phenotype matrix of N individuals and Q traits,\n",
    "#       [N x P] genotype matrix of N individuals and P genotypes,\n",
    "#       [N x N] relatedness matrix of N individuals\n",
    "# use the mtLMM-L1 estimator with regularization parameter alpha to estimate:\n",
    "# -the [P x Q] fixed effects matrix\n",
    "# -the [Q x Q] covariance matrices for the genetic and noise components "
   ]
  },
  {
   "cell_type": "code",
   "execution_count": 3,
   "metadata": {},
   "outputs": [],
   "source": [
    "beta, Cg, Cn = mtlmmlasso(filename_pheno='io/test/data/pheno.csv',\n",
    "                          filename_geno='io/test/data/genotypes.csv', \n",
    "                          filename_relatedness='io/test/data/relatedness.csv',\n",
    "                          alpha=0.2)"
   ]
  },
  {
   "cell_type": "code",
   "execution_count": 4,
   "metadata": {},
   "outputs": [
    {
     "data": {
      "text/plain": [
       "array([[ 0.05469314,  0.03523148, -0.0825937 , -0.04926047,  0.10188227,\n",
       "         0.03888766, -0.02551008, -0.04844071,  0.0790536 , -0.10050913],\n",
       "       [-0.06984237, -0.03060508,  0.08850358, -0.09877513, -0.05177267,\n",
       "        -0.07967964,  0.02350478,  0.02700281, -0.0772958 ,  0.23089729],\n",
       "       [-0.        , -0.12533531, -0.02842459,  0.01064331, -0.13262438,\n",
       "        -0.02127844, -0.04106511,  0.2413154 , -0.01386283, -0.00427467],\n",
       "       [-0.17269965, -0.11240509,  0.0570057 ,  0.0594368 ,  0.0172072 ,\n",
       "         0.09573026, -0.04387034,  0.1227944 , -0.09147945, -0.09410909],\n",
       "       [ 0.16002309,  0.24065232, -0.20982765, -0.08064849,  0.1887774 ,\n",
       "         0.03216549, -0.13351399, -0.06316413,  0.32616788, -0.20682605],\n",
       "       [-0.0081329 , -0.06226634,  0.0980584 ,  0.03030084, -0.16222868,\n",
       "        -0.0364819 ,  0.01159602,  0.09786252, -0.13530911,  0.06075437],\n",
       "       [-0.00119228,  0.19018146,  0.02799467, -0.26160988, -0.03001496,\n",
       "         0.10155758, -0.05646768, -0.22633385,  0.08966523,  0.03875603],\n",
       "       [-0.05435638,  0.00871252, -0.03443832,  0.11644998,  0.03922169,\n",
       "         0.11391811,  0.04217755,  0.08318599, -0.13335191, -0.00947287],\n",
       "       [-0.00452525, -0.00336654,  0.00335444,  0.01393105,  0.04076262,\n",
       "         0.04396491, -0.01228404, -0.01611954, -0.07423855, -0.10881555],\n",
       "       [ 0.07483243, -0.04869438, -0.15822771,  0.06703027,  0.06693006,\n",
       "        -0.12298213,  0.14114794, -0.08881139,  0.0302513 , -0.05819004],\n",
       "       [-0.0282936 , -0.05951618,  0.24571883, -0.10938169, -0.11063569,\n",
       "         0.12799265, -0.15192045, -0.07695703,  0.13719653,  0.07333653],\n",
       "       [-0.24190663,  0.47688988,  0.09809073, -0.04911855,  0.11352385,\n",
       "         0.44243132, -0.06489924, -0.39134448,  0.34031676, -0.16602136],\n",
       "       [ 0.17634449, -0.23716351,  0.33377405, -0.00124922, -0.42742462,\n",
       "         0.09621969, -0.10445756,  0.10892495, -0.1450999 , -0.13840191],\n",
       "       [ 0.1254426 ,  0.08731393, -0.10657797,  0.0768352 ,  0.00887112,\n",
       "        -0.19462167,  0.03051099, -0.01863812,  0.18596884,  0.02675468],\n",
       "       [-0.14276135, -0.17730192,  0.06771427,  0.1978797 , -0.02796159,\n",
       "         0.07186774,  0.29887161, -0.05148254, -0.09969071,  0.24218592],\n",
       "       [-0.03757218,  0.03303522, -0.06528291,  0.02746261, -0.01442638,\n",
       "        -0.03077772,  0.00630142,  0.10634042, -0.07921955, -0.01697759],\n",
       "       [ 0.02989668,  0.18847063,  0.09651003,  0.50073209,  0.13811785,\n",
       "        -0.47146274,  0.13220306,  0.        ,  0.08692659,  0.08598672],\n",
       "       [ 0.21218018, -0.18265372,  0.01724764, -0.1368321 , -0.17000266,\n",
       "        -0.15160113,  0.33482895,  0.30199324, -0.28859561,  0.14437407],\n",
       "       [ 0.11066533,  0.20934687, -0.06312862, -0.01642125,  0.00808232,\n",
       "         0.0146103 , -0.11223852,  0.05747427,  0.05700427, -0.06494953],\n",
       "       [-0.25495672, -0.31120702,  0.1637243 , -0.00250305, -0.12801138,\n",
       "        -0.26616691,  0.17260955, -0.00985865, -0.3334318 ,  0.3241725 ]])"
      ]
     },
     "execution_count": 4,
     "metadata": {},
     "output_type": "execute_result"
    }
   ],
   "source": [
    "beta"
   ]
  },
  {
   "cell_type": "code",
   "execution_count": 5,
   "metadata": {},
   "outputs": [
    {
     "data": {
      "text/plain": [
       "array([[ 0.03847426,  0.00289184, -0.03833663,  0.05029288, -0.00140516,\n",
       "        -0.04882946,  0.04460913,  0.02917798, -0.01811139, -0.01440937],\n",
       "       [ 0.00289184,  0.06364613, -0.02286751,  0.01153772,  0.02850798,\n",
       "         0.00206844, -0.02808082, -0.02756237,  0.0198843 , -0.02490361],\n",
       "       [-0.03833663, -0.02286751,  0.08028961, -0.09324872, -0.04988034,\n",
       "         0.05074154, -0.05887182, -0.05307291,  0.0237883 ,  0.05403962],\n",
       "       [ 0.05029288,  0.01153772, -0.09324872,  0.12159763,  0.05670964,\n",
       "        -0.07852565,  0.08452272,  0.08090113, -0.03534954, -0.05516481],\n",
       "       [-0.00140516,  0.02850798, -0.04988034,  0.05670964,  0.07943554,\n",
       "        -0.00500147,  0.01398745,  0.03497478, -0.00546931, -0.05513   ],\n",
       "       [-0.04882946,  0.00206844,  0.05074154, -0.07852565, -0.00500147,\n",
       "         0.08037164, -0.06869916, -0.06395495,  0.02976558,  0.00934656],\n",
       "       [ 0.04460913, -0.02808082, -0.05887182,  0.08452272,  0.01398745,\n",
       "        -0.06869916,  0.09192136,  0.09782878, -0.04831954, -0.01986379],\n",
       "       [ 0.02917798, -0.02756237, -0.05307291,  0.08090113,  0.03497478,\n",
       "        -0.06395495,  0.09782878,  0.15980094, -0.06407574, -0.01128884],\n",
       "       [-0.01811139,  0.0198843 ,  0.0237883 , -0.03534954, -0.00546931,\n",
       "         0.02976558, -0.04831954, -0.06407574,  0.02984885,  0.00464468],\n",
       "       [-0.01440937, -0.02490361,  0.05403962, -0.05516481, -0.05513   ,\n",
       "         0.00934656, -0.01986379, -0.01128884,  0.00464468,  0.05708148]])"
      ]
     },
     "execution_count": 5,
     "metadata": {},
     "output_type": "execute_result"
    }
   ],
   "source": [
    "Cg"
   ]
  },
  {
   "cell_type": "code",
   "execution_count": 6,
   "metadata": {},
   "outputs": [
    {
     "data": {
      "text/plain": [
       "array([[ 0.96043521,  0.32509583, -0.56306506,  0.31636853,  0.24166146,\n",
       "        -0.37600724,  0.09728344, -0.00893288,  0.42375621, -0.5348411 ],\n",
       "       [ 0.32509583,  0.9358767 , -0.32609421, -0.10903615,  0.4768015 ,\n",
       "         0.13937651, -0.37246527, -0.37781214,  0.53309635, -0.42800011],\n",
       "       [-0.56306506, -0.32609421,  0.91864297, -0.56895853, -0.62228185,\n",
       "         0.51656771, -0.429761  , -0.13410537, -0.15428737,  0.6390621 ],\n",
       "       [ 0.31636853, -0.10903615, -0.56895853,  0.87718515,  0.24803671,\n",
       "        -0.63041688,  0.67014495,  0.40399757, -0.18436005, -0.32425975],\n",
       "       [ 0.24166146,  0.4768015 , -0.62228185,  0.24803671,  0.92010972,\n",
       "        -0.23308926,  0.0394803 , -0.13092471,  0.358052  , -0.56348813],\n",
       "       [-0.37600724,  0.13937651,  0.51656771, -0.63041688, -0.23308926,\n",
       "         0.91833347, -0.60748131, -0.38875915,  0.04399409,  0.29231737],\n",
       "       [ 0.09728344, -0.37246527, -0.429761  ,  0.67014495,  0.0394803 ,\n",
       "        -0.60748131,  0.90757867,  0.56712908, -0.53681281, -0.07990054],\n",
       "       [-0.00893288, -0.37781214, -0.13410537,  0.40399757, -0.13092471,\n",
       "        -0.38875915,  0.56712908,  0.84022498, -0.40030163,  0.08966328],\n",
       "       [ 0.42375621,  0.53309635, -0.15428737, -0.18436005,  0.358052  ,\n",
       "         0.04399409, -0.53681281, -0.40030163,  0.96941673, -0.38845061],\n",
       "       [-0.5348411 , -0.42800011,  0.6390621 , -0.32425975, -0.56348813,\n",
       "         0.29231737, -0.07990054,  0.08966328, -0.38845061,  0.94212786]])"
      ]
     },
     "execution_count": 6,
     "metadata": {},
     "output_type": "execute_result"
    }
   ],
   "source": [
    "Cn"
   ]
  },
  {
   "cell_type": "markdown",
   "metadata": {},
   "source": [
    "# Example for running mtLMM-clust"
   ]
  },
  {
   "cell_type": "code",
   "execution_count": 7,
   "metadata": {},
   "outputs": [],
   "source": [
    "from regmtlmm.mtlmmclust import mtlmmclust"
   ]
  },
  {
   "cell_type": "code",
   "execution_count": 8,
   "metadata": {},
   "outputs": [],
   "source": [
    "# Given [N x Q] phenotype matrix of N individuals and Q traits,\n",
    "#       [N x P] genotype matrix of N individuals and P genotypes,\n",
    "#       [N x N] relatedness matrix of N individuals\n",
    "# use the mtLMM-clust estimator with regularization parameters C1 (sparsity) and C2 (trait-wise clustering) \n",
    "# to estimate:\n",
    "# -the [P x Q] fixed effects matrix\n",
    "# -the [Q x Q] covariance matrices for the genetic and noise components "
   ]
  },
  {
   "cell_type": "code",
   "execution_count": null,
   "metadata": {},
   "outputs": [],
   "source": [
    "beta, Cg, Cn = mtlmmclust(filename_pheno='io/test/data/pheno.csv',\n",
    "                          filename_geno='io/test/data/genotypes.csv', \n",
    "                          filename_relatedness='io/test/data/relatedness.csv',\n",
    "                          C1=1000, C2=2000)"
   ]
  },
  {
   "cell_type": "code",
   "execution_count": 4,
   "metadata": {},
   "outputs": [
    {
     "data": {
      "text/plain": [
       "array([[ 0.055427  , -0.0706506 , -0.00136212, -0.17421988,  0.16169485,\n",
       "        -0.00417525, -0.00142931, -0.05485795, -0.00258077,  0.07545635],\n",
       "       [-0.02877888, -0.24460496,  0.18237943,  0.12683068, -0.14617464,\n",
       "        -0.03831462,  0.03528116,  0.21527516,  0.11132134, -0.25816691],\n",
       "       [ 0.03575992, -0.03121462, -0.13156212, -0.11404229,  0.24265614,\n",
       "        -0.06314484,  0.19213748,  0.0094634 , -0.00217705, -0.04939151],\n",
       "       [-0.06025129,  0.48085134, -0.24230228,  0.08898448, -0.18095718,\n",
       "         0.03388706,  0.19434131, -0.18622966,  0.21087229, -0.31420481],\n",
       "       [-0.08270739,  0.08884401, -0.03401625,  0.05846623, -0.21127326,\n",
       "         0.09930081,  0.0319035 , -0.03604417,  0.00235688, -0.15936608],\n",
       "       [ 0.24596132,  0.10007594,  0.34084969, -0.10828669,  0.07109784,\n",
       "        -0.06586412,  0.1038421 ,  0.02085237, -0.06477949,  0.16677181],\n",
       "       [-0.04995656, -0.09913215,  0.01600651,  0.06072415, -0.08166102,\n",
       "         0.03114692, -0.26487438,  0.11628568,  0.0144466 ,  0.06780062],\n",
       "       [-0.10994316, -0.05219793, -0.00382105,  0.0780583 ,  0.20140298,\n",
       "         0.02842055,  0.5060732 , -0.13969068, -0.01766316, -0.0024837 ],\n",
       "       [ 0.10216538, -0.05281336, -0.1391918 ,  0.01800436,  0.19104487,\n",
       "        -0.16332437, -0.03285695,  0.0395966 ,  0.0409073 ,  0.06780653],\n",
       "       [-0.11126994,  0.11838675, -0.43300443,  0.00499019, -0.03145448,\n",
       "        -0.0150196 ,  0.1439133 , -0.17396069,  0.00483274, -0.13125897],\n",
       "       [ 0.03965474, -0.08128939, -0.02816631,  0.09916239,  0.033899  ,\n",
       "        -0.03805095,  0.10545081,  0.11473818,  0.04506498, -0.12409064],\n",
       "       [ 0.12827741,  0.44447023,  0.10435131, -0.1966923 ,  0.07666949,\n",
       "        -0.03153104, -0.47796671, -0.15597853,  0.01656482, -0.27052894],\n",
       "       [-0.02626426,  0.02460632, -0.04755629, -0.04724445, -0.13514353,\n",
       "         0.01282977, -0.05974075,  0.04186784, -0.01330639,  0.14223573],\n",
       "       [-0.15290985, -0.06846524, -0.11315534,  0.03239298,  0.30327294,\n",
       "         0.00371018,  0.14018699,  0.33901488, -0.11460273,  0.17670931],\n",
       "       [-0.04905968,  0.02751943,  0.24721726,  0.12433879, -0.06456604,\n",
       "         0.0992639 , -0.22793675,  0.08379315, -0.01680661, -0.08983286],\n",
       "       [-0.07759909, -0.39616466,  0.11742115, -0.019359  , -0.05554319,\n",
       "         0.10745044,  0.00109459,  0.30523092,  0.05822313, -0.01275104],\n",
       "       [ 0.08015969, -0.07829901, -0.02485033, -0.09413753,  0.32875063,\n",
       "        -0.13648089,  0.09280098, -0.13448246, -0.07609953,  0.03181761],\n",
       "       [ 0.13797458,  0.34662828, -0.15322291,  0.18811873, -0.1054969 ,\n",
       "        -0.07977966,  0.09603355, -0.29292869,  0.0588118 , -0.33935437],\n",
       "       [-0.10065319,  0.23262084, -0.01423956, -0.09662302, -0.20914595,\n",
       "         0.06305005,  0.04386976, -0.01110233, -0.10961516, -0.05901501],\n",
       "       [ 0.07431667, -0.17125504, -0.14815375,  0.02840029,  0.24733646,\n",
       "        -0.01831608,  0.09639356,  0.15033587, -0.06737749,  0.33024162]])"
      ]
     },
     "execution_count": 4,
     "metadata": {},
     "output_type": "execute_result"
    }
   ],
   "source": [
    "beta"
   ]
  },
  {
   "cell_type": "markdown",
   "metadata": {},
   "source": [
    "# mtLMM-clust"
   ]
  },
  {
   "cell_type": "code",
   "execution_count": 16,
   "metadata": {},
   "outputs": [
    {
     "name": "stdout",
     "output_type": "stream",
     "text": [
      "Iteration 0\n",
      "Iteration 1\n",
      "Iteration 2\n",
      "Iteration 3\n",
      "Iteration 4\n",
      "Iteration 5\n",
      "Iteration 6\n",
      "Iteration 7\n",
      "Iteration 8\n",
      "Iteration 9\n"
     ]
    }
   ],
   "source": [
    "maxiter=10\n",
    "for i in range(maxiter):\n",
    "    print('Iteration {}'.format(i))\n",
    "    #Given fixed effects, estimate covariance matrices based on standard REML\n",
    "    #for larger number of phenotypes, use limmbo bootstrapped version instead\n",
    "    Cg, Cn, ptime = vd_reml(indata, verbose=False)\n",
    "    \n",
    "    #Given covariance matrices, fit fixed effects using L1 regularization\n",
    "    H=np.kron(indata.relatedness,Cg)+np.kron(np.ones((n,n)),Cn)\n",
    "    H_cpu = torch.tensor(H, device='cpu')\n",
    "    Hinv_cpu = torch.inverse(H_cpu)\n",
    "    Hinv_cpu_s = torch.cholesky(Hinv_cpu)\n",
    "    Hinv_s = Hinv_cpu_s.numpy()\n",
    "    \n",
    "    ytilde=Hinv_s @ y\n",
    "    Xtilde=Hinv_s @ X\n",
    "    \n",
    "    #running regularized estination with trait-wise clustering \n",
    "    estimator = twclust(p=p, n=n, K=q)\n",
    "    theta_hat = estimator.fit(Xtilde, ytilde, C1=1000, C2=2000, gamma=0.003, maxiter=1000)\n",
    "    beta = estimator.Theta\n",
    "    \n",
    "    #update residuals for new cova estimation step\n",
    "    newY=Y-x@beta\n",
    "    indata.phenotypes= pd.DataFrame(newY, index=indata.pheno_samples,\n",
    "                                       columns=indata.phenotype_ID)\n",
    "\n"
   ]
  },
  {
   "cell_type": "code",
   "execution_count": 17,
   "metadata": {},
   "outputs": [
    {
     "data": {
      "text/plain": [
       "array([[ 1.04123795e-02, -1.04082882e-03, -8.06553435e-02,\n",
       "        -1.30223443e-01,  1.27443810e-01, -2.23887714e-02,\n",
       "         9.69707630e-02, -4.32734895e-02,  1.96394280e-03,\n",
       "         4.34679012e-02],\n",
       "       [ 1.47395009e-03, -2.79325743e-01,  5.26374363e-02,\n",
       "         1.24200115e-01, -1.53963775e-01, -2.60243156e-02,\n",
       "         1.06121736e-02,  2.08744732e-01,  1.38817209e-01,\n",
       "        -1.92121278e-01],\n",
       "       [ 3.19078419e-02, -6.40377066e-04, -4.26615789e-02,\n",
       "        -1.91488667e-01,  2.29847538e-01, -6.07065946e-02,\n",
       "         1.61031452e-01, -4.31601636e-02,  6.69850911e-02,\n",
       "         5.56273170e-03],\n",
       "       [-9.93713088e-02,  3.40074922e-01, -1.50365492e-01,\n",
       "         9.90726279e-02, -3.96781341e-01,  3.37294665e-02,\n",
       "         1.77614669e-01, -1.61948888e-01,  2.55481949e-01,\n",
       "        -2.91253189e-01],\n",
       "       [-6.01146353e-02,  1.25278072e-01, -1.55196474e-01,\n",
       "         8.95903716e-02, -2.37234581e-01,  1.44358366e-01,\n",
       "         8.58287845e-02, -3.37939094e-02, -3.06732944e-02,\n",
       "        -1.50934665e-01],\n",
       "       [ 1.80470165e-01,  2.03781532e-01,  2.87247779e-01,\n",
       "        -8.04374811e-02,  1.36612620e-01, -8.89076531e-02,\n",
       "        -1.24311311e-01,  3.54013811e-02, -1.34901579e-01,\n",
       "         1.53958976e-01],\n",
       "       [-5.41928693e-02, -1.61473621e-01,  4.92464116e-02,\n",
       "         9.36282918e-02, -1.42875033e-02, -2.01002023e-02,\n",
       "        -3.77343889e-01,  1.46000305e-01,  2.94522602e-02,\n",
       "         2.87645778e-02],\n",
       "       [-3.25092294e-02, -1.24395264e-01, -7.14152963e-02,\n",
       "         3.81022541e-02,  1.36330000e-01,  5.72657206e-02,\n",
       "         5.34224907e-01, -1.61817028e-01,  3.79868293e-02,\n",
       "         4.75795899e-02],\n",
       "       [ 8.51861734e-02, -1.45487233e-01, -4.16062335e-02,\n",
       "        -1.93999241e-02,  2.22790624e-01, -1.75281645e-01,\n",
       "        -6.09606484e-02,  3.43534005e-02,  1.18304947e-01,\n",
       "         3.51313871e-02],\n",
       "       [-8.80310015e-02,  8.15956654e-02, -1.75243675e-01,\n",
       "        -1.72417275e-03, -1.05944721e-01,  4.78733251e-02,\n",
       "         1.66679947e-01, -2.27459803e-01,  1.04405963e-01,\n",
       "        -1.09789563e-01],\n",
       "       [ 2.58682142e-02, -6.51955863e-02,  2.78867472e-02,\n",
       "         1.08801381e-01, -4.76981392e-02,  2.07583399e-03,\n",
       "         7.42057805e-02,  1.01441945e-01,  6.53798834e-02,\n",
       "        -7.36464831e-02],\n",
       "       [ 3.56881837e-02,  4.83727929e-01,  2.57216123e-01,\n",
       "        -1.15656079e-01,  7.19656889e-02, -6.78243526e-02,\n",
       "        -6.91917723e-01, -6.80900455e-02, -4.05719086e-03,\n",
       "        -1.82617942e-01],\n",
       "       [ 1.43165751e-02,  2.97800542e-02,  3.29457478e-02,\n",
       "         2.13479303e-02,  1.11411594e-02, -6.95014439e-02,\n",
       "        -1.06991151e-01,  7.45464066e-02, -1.94428708e-02,\n",
       "         4.27410039e-02],\n",
       "       [-9.07658850e-02, -9.86148824e-02, -8.69689913e-02,\n",
       "         2.51537239e-03,  2.47453459e-01,  4.62323273e-03,\n",
       "         3.25676045e-01,  1.90046874e-01, -1.12177121e-01,\n",
       "         5.26123497e-02],\n",
       "       [-5.58192545e-02,  3.39794529e-03,  2.69375464e-01,\n",
       "         1.00785767e-01, -3.73579563e-02,  3.63373288e-03,\n",
       "        -2.25346109e-01,  1.42143631e-01, -9.25694749e-02,\n",
       "        -3.22108027e-02],\n",
       "       [-1.87448459e-02, -3.45656190e-01, -8.32107590e-02,\n",
       "        -4.67147179e-02,  1.60220249e-02,  3.78452003e-02,\n",
       "         1.71670380e-01,  1.71597832e-01,  4.56715099e-02,\n",
       "         6.85386191e-02],\n",
       "       [ 6.43461709e-02, -7.81412593e-02, -3.61751433e-02,\n",
       "        -9.27333398e-02,  2.55293456e-01, -2.98326173e-02,\n",
       "         1.51540240e-01, -1.61271668e-01, -4.43562223e-02,\n",
       "         7.46919572e-02],\n",
       "       [ 5.87693212e-02,  2.07698134e-01, -4.32409421e-04,\n",
       "         1.58985231e-01, -2.00247258e-01, -4.82930577e-02,\n",
       "         2.96221297e-02, -2.46106429e-01,  9.44559477e-02,\n",
       "        -2.14835611e-01],\n",
       "       [-1.37678874e-02,  1.78499583e-01,  1.01262338e-01,\n",
       "        -5.33413952e-02, -2.97728935e-01,  8.77787918e-02,\n",
       "         1.59272206e-02, -1.44740378e-02, -7.52492035e-02,\n",
       "        -7.31109427e-02],\n",
       "       [ 2.81239988e-02, -1.30549218e-01, -2.50277400e-01,\n",
       "        -2.57483431e-03,  3.43815792e-01, -4.01267805e-03,\n",
       "         7.82109399e-02,  1.19856297e-01, -1.34029043e-01,\n",
       "         2.03394852e-01]])"
      ]
     },
     "execution_count": 17,
     "metadata": {},
     "output_type": "execute_result"
    }
   ],
   "source": [
    "#displaying pxq fixed effect matrix\n",
    "beta"
   ]
  },
  {
   "cell_type": "markdown",
   "metadata": {},
   "source": [
    "# testing stuff"
   ]
  },
  {
   "cell_type": "code",
   "execution_count": 16,
   "metadata": {},
   "outputs": [],
   "source": [
    "Cg, Cn, ptime = vd_reml(indata, verbose=False)\n",
    "    \n",
    "#Given covariance matrices, fit fixed effects using L1 regularization\n",
    "H=np.kron(indata.relatedness,Cg)+np.kron(np.ones((n,n)),Cn)\n",
    "H_cpu = torch.tensor(H, device='cpu')\n",
    "Hinv_cpu = torch.inverse(H_cpu)\n",
    "Hinv_cpu_s = torch.cholesky(Hinv_cpu)\n",
    "Hinv_s = Hinv_cpu_s.numpy()\n",
    "    \n",
    "ytilde=Hinv_s @ y\n",
    "Xtilde=Hinv_s @ X"
   ]
  },
  {
   "cell_type": "code",
   "execution_count": 17,
   "metadata": {},
   "outputs": [],
   "source": [
    "estimator = twclust(p=p, n=n, K=q)"
   ]
  },
  {
   "cell_type": "code",
   "execution_count": 18,
   "metadata": {},
   "outputs": [],
   "source": [
    "theta_hat = estimator.fit(Xtilde, ytilde, C1=1000, C2=2000, gamma=0.003)\n",
    "    "
   ]
  },
  {
   "cell_type": "code",
   "execution_count": 19,
   "metadata": {},
   "outputs": [
    {
     "data": {
      "text/plain": [
       "array([[ 0.0554274 , -0.07064992, -0.00136169, -0.17422341,  0.16169661,\n",
       "        -0.00417551, -0.00143251, -0.05476136, -0.0025866 ,  0.07545721],\n",
       "       [-0.02877624, -0.24460239,  0.18237792,  0.12683426, -0.1461757 ,\n",
       "        -0.03831001,  0.0352806 ,  0.21527217,  0.11132022, -0.25816572],\n",
       "       [ 0.03576174, -0.03121809, -0.13155619, -0.11403586,  0.24266137,\n",
       "        -0.06315243,  0.19213139,  0.0047201 , -0.0021846 , -0.04938717],\n",
       "       [-0.0602393 ,  0.48084305, -0.24229579,  0.08899356, -0.18095254,\n",
       "         0.03391957,  0.19433634, -0.18623733,  0.2108622 , -0.3142058 ],\n",
       "       [-0.08270499,  0.08883558, -0.03401128,  0.05847103, -0.21126979,\n",
       "         0.09929158,  0.03189868, -0.03564277,  0.00235162, -0.15936019],\n",
       "       [ 0.24595333,  0.10007849,  0.34085257, -0.1082861 ,  0.07109789,\n",
       "        -0.06586149,  0.10384288,  0.02085662, -0.0647848 ,  0.16676563],\n",
       "       [-0.049959  , -0.09912122,  0.01601177,  0.06072197, -0.08166642,\n",
       "         0.03114192, -0.26486665,  0.11652537,  0.01451811,  0.06779609],\n",
       "       [-0.10993789, -0.05220275, -0.0038277 ,  0.07805642,  0.20140527,\n",
       "         0.02842865,  0.50606044, -0.13968244, -0.01766546, -0.00247259],\n",
       "       [ 0.10216472, -0.05281267, -0.1391944 ,  0.01800999,  0.191044  ,\n",
       "        -0.16332775, -0.03285714,  0.03957366,  0.04090347,  0.06780572],\n",
       "       [-0.11127079,  0.11838517, -0.43300647,  0.00499383, -0.03145467,\n",
       "        -0.01498122,  0.14391332, -0.17396072,  0.00483609, -0.13125737],\n",
       "       [ 0.03965402, -0.0812893 , -0.0281679 ,  0.09916563,  0.03389653,\n",
       "        -0.03805184,  0.10545067,  0.11472715,  0.04506425, -0.12409131],\n",
       "       [ 0.12827813,  0.44447031,  0.10435418, -0.19669398,  0.07667089,\n",
       "        -0.03152181, -0.47796867, -0.1559775 ,  0.01647365, -0.27052755],\n",
       "       [-0.02627336,  0.02462645, -0.04754456, -0.0472434 , -0.13515033,\n",
       "         0.01282962, -0.05973572,  0.04250467, -0.01327604,  0.14221006],\n",
       "       [-0.15288462, -0.06848029, -0.11315519,  0.03239334,  0.30326179,\n",
       "         0.00371058,  0.14018676,  0.33898554, -0.11459615,  0.17672134],\n",
       "       [-0.04906199,  0.027524  ,  0.24721231,  0.12433673, -0.06457034,\n",
       "         0.09925918, -0.22793169,  0.0840042 , -0.01679051, -0.08983306],\n",
       "       [-0.07759694, -0.39615867,  0.11741547, -0.01935829, -0.05553414,\n",
       "         0.10745198,  0.00110515,  0.30522728,  0.05821745, -0.00636957],\n",
       "       [ 0.08015671, -0.07829642, -0.02485709, -0.09413408,  0.32874676,\n",
       "        -0.13647927,  0.09280757, -0.13457204, -0.07610757,  0.03181293],\n",
       "       [ 0.13796498,  0.34663769, -0.15322535,  0.188118  , -0.10550133,\n",
       "        -0.07973348,  0.09604059, -0.29292357,  0.05881941, -0.33935446],\n",
       "       [-0.10064343,  0.23258981, -0.01423702, -0.09661033, -0.20913387,\n",
       "         0.06303669,  0.04385048, -0.0052811 , -0.10956273, -0.05898988],\n",
       "       [ 0.07428531, -0.17124483, -0.14814598,  0.02840182,  0.24733925,\n",
       "        -0.01831074,  0.096402  ,  0.15035581, -0.06738344,  0.33021695]])"
      ]
     },
     "execution_count": 19,
     "metadata": {},
     "output_type": "execute_result"
    }
   ],
   "source": [
    "estimator.Theta"
   ]
  },
  {
   "cell_type": "markdown",
   "metadata": {},
   "source": [
    "## Testing stuff"
   ]
  },
  {
   "cell_type": "code",
   "execution_count": 13,
   "metadata": {},
   "outputs": [],
   "source": [
    "\n",
    "##########################\n",
    "\n",
    "Cg, Cn, ptime = vd_reml(indata, verbose=False)\n",
    "#gwas = GWAS(datainput=indata, verbose=False)"
   ]
  },
  {
   "cell_type": "code",
   "execution_count": 14,
   "metadata": {},
   "outputs": [
    {
     "data": {
      "text/plain": [
       "array([[ 0.03847333,  0.00289154, -0.03833569,  0.0502919 , -0.00140568,\n",
       "        -0.04882837,  0.044608  ,  0.02917599, -0.01811099, -0.0144089 ],\n",
       "       [ 0.00289154,  0.06364759, -0.02286691,  0.01153651,  0.02850815,\n",
       "         0.00206946, -0.02808302, -0.02756487,  0.01988609, -0.02490405],\n",
       "       [-0.03833569, -0.02286691,  0.0802884 , -0.09324748, -0.04987963,\n",
       "         0.05074036, -0.05887076, -0.05307189,  0.02378802,  0.05403899],\n",
       "       [ 0.0502919 ,  0.01153651, -0.09324748,  0.12159661,  0.05670872,\n",
       "        -0.07852476,  0.08452257,  0.08090183, -0.0353503 , -0.05516368],\n",
       "       [-0.00140568,  0.02850815, -0.04987963,  0.05670872,  0.07943548,\n",
       "        -0.0050005 ,  0.01398618,  0.03497332, -0.00546859, -0.05513013],\n",
       "       [-0.04882837,  0.00206946,  0.05074036, -0.07852476, -0.0050005 ,\n",
       "         0.0803708 , -0.0686989 , -0.06395477,  0.02976621,  0.00934537],\n",
       "       [ 0.044608  , -0.02808302, -0.05887076,  0.08452257,  0.01398618,\n",
       "        -0.0686989 ,  0.09192241,  0.09783023, -0.04832124, -0.01986214],\n",
       "       [ 0.02917599, -0.02756487, -0.05307189,  0.08090183,  0.03497332,\n",
       "        -0.06395477,  0.09783023,  0.15980243, -0.06407795, -0.01128669],\n",
       "       [-0.01811099,  0.01988609,  0.02378802, -0.0353503 , -0.00546859,\n",
       "         0.02976621, -0.04832124, -0.06407795,  0.02985056,  0.0046436 ],\n",
       "       [-0.0144089 , -0.02490405,  0.05403899, -0.05516368, -0.05513013,\n",
       "         0.00934537, -0.01986214, -0.01128669,  0.0046436 ,  0.05708185]])"
      ]
     },
     "execution_count": 14,
     "metadata": {},
     "output_type": "execute_result"
    }
   ],
   "source": [
    "Cg"
   ]
  },
  {
   "cell_type": "code",
   "execution_count": 15,
   "metadata": {},
   "outputs": [],
   "source": [
    "n=indata.phenotypes.shape[0]"
   ]
  },
  {
   "cell_type": "code",
   "execution_count": 66,
   "metadata": {},
   "outputs": [],
   "source": [
    "q=indata.phenotypes.shape[1]\n",
    "p=indata.genotypes.shape[1]"
   ]
  },
  {
   "cell_type": "code",
   "execution_count": 17,
   "metadata": {},
   "outputs": [],
   "source": [
    "H=np.kron(indata.relatedness,Cg)+np.kron(np.ones((n,n)),Cn)"
   ]
  },
  {
   "cell_type": "code",
   "execution_count": 18,
   "metadata": {},
   "outputs": [],
   "source": [
    "#Hinv=np.linalg.inv(H)"
   ]
  },
  {
   "cell_type": "code",
   "execution_count": 69,
   "metadata": {},
   "outputs": [
    {
     "data": {
      "text/plain": [
       "1000"
      ]
     },
     "execution_count": 69,
     "metadata": {},
     "output_type": "execute_result"
    }
   ],
   "source": [
    "n"
   ]
  },
  {
   "cell_type": "code",
   "execution_count": 23,
   "metadata": {},
   "outputs": [],
   "source": [
    "import torch\n",
    "H_cpu = torch.tensor(H, device='cpu')\n",
    "Hinv_cpu = torch.inverse(H_cpu)\n",
    "Hinv_cpu_s = torch.cholesky(Hinv_cpu)"
   ]
  },
  {
   "cell_type": "code",
   "execution_count": 24,
   "metadata": {},
   "outputs": [],
   "source": [
    "Hinv_s = Hinv_cpu_s.numpy()"
   ]
  },
  {
   "cell_type": "code",
   "execution_count": 33,
   "metadata": {},
   "outputs": [
    {
     "data": {
      "text/plain": [
       "array([[ 7.65718631e+01,  0.00000000e+00,  0.00000000e+00, ...,\n",
       "         0.00000000e+00,  0.00000000e+00,  0.00000000e+00],\n",
       "       [-1.74513848e+01,  4.12378584e+01,  0.00000000e+00, ...,\n",
       "         0.00000000e+00,  0.00000000e+00,  0.00000000e+00],\n",
       "       [-1.42864283e+01,  5.99904897e+01,  4.44980547e+01, ...,\n",
       "         0.00000000e+00,  0.00000000e+00,  0.00000000e+00],\n",
       "       ...,\n",
       "       [ 1.30020525e-02, -4.35135960e-02,  4.24132955e-02, ...,\n",
       "         1.13756304e+00,  0.00000000e+00,  0.00000000e+00],\n",
       "       [ 3.18439438e-02, -2.70886917e-02,  1.80370636e-02, ...,\n",
       "         5.80120363e-01,  1.08340918e+00,  0.00000000e+00],\n",
       "       [ 9.13057405e-02,  3.19908321e-02, -5.83037914e-02, ...,\n",
       "         1.33612036e-01,  4.16071513e-01,  1.00031168e+00]])"
      ]
     },
     "execution_count": 33,
     "metadata": {},
     "output_type": "execute_result"
    }
   ],
   "source": [
    "Hinv_s"
   ]
  },
  {
   "cell_type": "code",
   "execution_count": 39,
   "metadata": {},
   "outputs": [
    {
     "data": {
      "text/plain": [
       "(10000, 10000)"
      ]
     },
     "execution_count": 39,
     "metadata": {},
     "output_type": "execute_result"
    }
   ],
   "source": [
    "Hinv_s.shape"
   ]
  },
  {
   "cell_type": "code",
   "execution_count": 47,
   "metadata": {},
   "outputs": [],
   "source": [
    "Y=indata.phenotypes.to_numpy()\n",
    "y=np.matrix.flatten(Y,'F')"
   ]
  },
  {
   "cell_type": "code",
   "execution_count": 55,
   "metadata": {},
   "outputs": [],
   "source": [
    "x= indata.genotypes.to_numpy()\n",
    "X= np.kron(np.identity(q),x)"
   ]
  },
  {
   "cell_type": "code",
   "execution_count": 58,
   "metadata": {},
   "outputs": [],
   "source": [
    "ytilde=Hinv_s @ y\n",
    "Xtilde=Hinv_s @ X"
   ]
  },
  {
   "cell_type": "code",
   "execution_count": 59,
   "metadata": {},
   "outputs": [
    {
     "data": {
      "text/plain": [
       "(10000, 200)"
      ]
     },
     "execution_count": 59,
     "metadata": {},
     "output_type": "execute_result"
    }
   ],
   "source": [
    "Xtilde.shape"
   ]
  },
  {
   "cell_type": "code",
   "execution_count": 62,
   "metadata": {},
   "outputs": [],
   "source": [
    "#from glmnet import glmnet, glmnetSet"
   ]
  },
  {
   "cell_type": "code",
   "execution_count": 64,
   "metadata": {},
   "outputs": [
    {
     "data": {
      "text/plain": [
       "Lasso(alpha=0.1, fit_intercept=False)"
      ]
     },
     "execution_count": 64,
     "metadata": {},
     "output_type": "execute_result"
    }
   ],
   "source": [
    "from sklearn import linear_model\n",
    "clf=linear_model.Lasso(alpha=0.1,fit_intercept=False)\n",
    "clf.fit(X=Xtilde,y=ytilde)"
   ]
  },
  {
   "cell_type": "code",
   "execution_count": 65,
   "metadata": {},
   "outputs": [
    {
     "name": "stdout",
     "output_type": "stream",
     "text": [
      "[ 0.05503209 -0.07023315 -0.         -0.17351879  0.16084125 -0.00826001\n",
      " -0.00208571 -0.05452381 -0.00482707  0.07513887 -0.02855315 -0.24322986\n",
      "  0.17938708  0.12611488 -0.14450555 -0.03799008  0.03258278  0.21373953\n",
      "  0.11099727 -0.25649907  0.03549984 -0.03091668 -0.12846505 -0.11322337\n",
      "  0.24166141 -0.06271374  0.19117842  0.00907389 -0.00387544 -0.04902782\n",
      " -0.05987961  0.47890961 -0.23971922  0.08814588 -0.17917139  0.03348006\n",
      "  0.19144489 -0.18444629  0.21011944 -0.31271743 -0.08265286  0.08867074\n",
      " -0.03119253  0.05775535 -0.21054143  0.09867941  0.02996047 -0.035046\n",
      "  0.00403954 -0.15881513  0.24583397  0.09910783  0.33734139 -0.10743604\n",
      "  0.06943324 -0.06556361  0.10024557  0.01906536 -0.0639536   0.16522135\n",
      " -0.04961631 -0.0989367   0.0133134   0.06008094 -0.08116815  0.03072792\n",
      " -0.2632546   0.11649148  0.01422528  0.06742333 -0.1096657  -0.05069834\n",
      " -0.00448895  0.07745685  0.19966074  0.02795085  0.50341123 -0.13828603\n",
      " -0.01705593 -0.00371651  0.1020203  -0.05229147 -0.13595121  0.0176171\n",
      "  0.1899025  -0.16279025 -0.03147793  0.03939367  0.0408358   0.06738714\n",
      " -0.11094758  0.11596469 -0.4302379   0.00942436 -0.02972314 -0.01470364\n",
      "  0.14104374 -0.17199045  0.00888658 -0.12962696  0.03928985 -0.08049981\n",
      " -0.02468177  0.09748651  0.03304579 -0.03728516  0.10355501  0.11432625\n",
      "  0.0445165  -0.12355705  0.12812788  0.44346731  0.10038397 -0.19566382\n",
      "  0.07431147 -0.03115807 -0.47476006 -0.15382707  0.0156209  -0.26841666\n",
      " -0.02589929  0.02407683 -0.04441023 -0.04559266 -0.13435192  0.01223406\n",
      " -0.05815044  0.04234406 -0.01280037  0.14168073 -0.15240451 -0.06671146\n",
      " -0.10890077  0.03147778  0.30111652  0.00688331  0.13624072  0.33696589\n",
      " -0.11344392  0.17472425 -0.04875102  0.02727002  0.24425125  0.12358079\n",
      " -0.06393364  0.09854204 -0.22722923  0.08362136 -0.01647379 -0.0893018\n",
      " -0.07722808 -0.39383135  0.11314064 -0.01898121 -0.05354925  0.10693082\n",
      "  0.          0.30361106  0.05787337 -0.01132386  0.07960727 -0.07780972\n",
      " -0.01935555 -0.09282366  0.32748744 -0.13590919  0.09130933 -0.13395783\n",
      " -0.07517414  0.03102593  0.13757736  0.34347612 -0.14913051  0.18705926\n",
      " -0.10267626 -0.07946085  0.09152066 -0.29079473  0.05794499 -0.33641738\n",
      " -0.10058623  0.23174874 -0.00929382 -0.09537902 -0.20797823  0.06188818\n",
      "  0.04134531 -0.0100188  -0.10920792 -0.05859279  0.07381323 -0.16862684\n",
      " -0.14344925  0.02760156  0.24483599 -0.01761276  0.09129523  0.14736076\n",
      " -0.06617795  0.32717905]\n"
     ]
    }
   ],
   "source": [
    "print(clf.coef_)"
   ]
  },
  {
   "cell_type": "code",
   "execution_count": null,
   "metadata": {},
   "outputs": [],
   "source": []
  },
  {
   "cell_type": "code",
   "execution_count": 71,
   "metadata": {},
   "outputs": [],
   "source": [
    "beta=np.reshape(clf.coef_,(p,q),'F')"
   ]
  },
  {
   "cell_type": "code",
   "execution_count": 75,
   "metadata": {},
   "outputs": [],
   "source": [
    "newY=Y-x@beta"
   ]
  },
  {
   "cell_type": "code",
   "execution_count": 79,
   "metadata": {},
   "outputs": [],
   "source": [
    "#update residuals for new cova estimation step\n",
    "indata.phenotypes= pd.DataFrame(newY, index=indata.pheno_samples,\n",
    "                                       columns=indata.phenotype_ID)"
   ]
  },
  {
   "cell_type": "code",
   "execution_count": null,
   "metadata": {},
   "outputs": [],
   "source": [
    "#need to transform X and Y based on estimated Cn and Ce\n",
    "\n",
    "estimator = model.MultiTaskLR()\n",
    "\n",
    "# estimate weights\n",
    "theta_hat = estimator.individual_lasso(X, Y)\n",
    "WW, L = estimator.give_weights(theta_hat)\n",
    "\n",
    "# training\n",
    "Theta= estimator.MTLR(X, Y, WW, L, C1=1000, C2=20, gamma=0.003)"
   ]
  },
  {
   "cell_type": "code",
   "execution_count": null,
   "metadata": {},
   "outputs": [],
   "source": [
    "datalimmbo = LiMMBo(datainput=indata,\n",
    "                            S=options.S,\n",
    "                            timing=options.timing,\n",
    "                            iterations=options.iterations,\n",
    "                            verbose=options.verbose)\n",
    "resultsBS = datalimmbo.runBootstrapCovarianceEstimation(seed=options.seed, cpus=options.cpus,minCooccurrence=options.minCooccurrence,n=options.runs)\n",
    "resultsCovariance = datalimmbo.combineBootstrap(results=resultsBS)"
   ]
  }
 ],
 "metadata": {
  "kernelspec": {
   "display_name": "Python 3",
   "language": "python",
   "name": "python3"
  },
  "language_info": {
   "codemirror_mode": {
    "name": "ipython",
    "version": 3
   },
   "file_extension": ".py",
   "mimetype": "text/x-python",
   "name": "python",
   "nbconvert_exporter": "python",
   "pygments_lexer": "ipython3",
   "version": "3.8.5"
  }
 },
 "nbformat": 4,
 "nbformat_minor": 4
}
